{
 "cells": [
  {
   "cell_type": "code",
   "execution_count": 1,
   "metadata": {},
   "outputs": [],
   "source": [
    "import os\n",
    "import gzip\n",
    "import json\n",
    "\n",
    "from glob import glob\n",
    "\n",
    "from pprint import pprint"
   ]
  },
  {
   "cell_type": "code",
   "execution_count": 2,
   "metadata": {},
   "outputs": [],
   "source": [
    "DATA_ROOT = \"../data/Bench2Drive-mini\"\n",
    "SCENARIO = \"ConstructionObstacle_Town05_Route68_Weather8\"\n",
    "\n",
    "anno_file_list = glob(os.path.join(DATA_ROOT, SCENARIO, \"anno\", \"*.json.gz\"))"
   ]
  },
  {
   "cell_type": "code",
   "execution_count": 4,
   "metadata": {
    "scrolled": true
   },
   "outputs": [],
   "source": [
    "anno_file = anno_file_list[8]\n",
    "\n",
    "with gzip.open(anno_file, 'rb') as f:\n",
    "    anno = json.load(f)"
   ]
  },
  {
   "cell_type": "code",
   "execution_count": 5,
   "metadata": {},
   "outputs": [
    {
     "data": {
      "text/plain": [
       "{'x': 58.49000166584281,\n",
       " 'y': 187.42659824422637,\n",
       " 'throttle': 0.699999988079071,\n",
       " 'steer': 0.10000000149011612,\n",
       " 'brake': 0.0,\n",
       " 'reverse': False,\n",
       " 'theta': 4.627938270568848,\n",
       " 'speed': 7.100690022797548,\n",
       " 'x_command_far': 50.48306655883789,\n",
       " 'y_command_far': 187.81816101233903,\n",
       " 'command_far': 4,\n",
       " 'x_command_near': 54.48301696777343,\n",
       " 'y_command_near': 187.83825683520382,\n",
       " 'command_near': 4,\n",
       " 'should_brake': True,\n",
       " 'x_target': 50.48306655883789,\n",
       " 'y_target': 187.81816101233903,\n",
       " 'next_command': 4,\n",
       " 'weather': {'cloudiness': 100.0,\n",
       "  'precipitation': 100.0,\n",
       "  'precipitation_deposits': 90.0,\n",
       "  'wind_intensity': 100.0,\n",
       "  'sun_azimuth_angle': -1.0,\n",
       "  'sun_altitude_angle': 45.0,\n",
       "  'fog_density': 7.0,\n",
       "  'fog_distance': 0.0,\n",
       "  'wetness': 0.0,\n",
       "  'fog_falloff': 0.0},\n",
       " 'acceleration': [-2.764772653579712, -1.0975823402404785, 9.632705688476562],\n",
       " 'angular_velocity': [0.031139425933361053,\n",
       "  -0.002646008040755987,\n",
       "  0.27252396941185],\n",
       " 'bounding_boxes': [{'class': 'ego_vehicle',\n",
       "   'id': '280',\n",
       "   'type_id': 'vehicle.lincoln.mkz_2020',\n",
       "   'base_type': 'car',\n",
       "   'location': [56.8964729309082, 188.02999877929688, -0.0036423872224986553],\n",
       "   'rotation': [-0.24346891045570374, -0.156463623046875, 175.1613311767578],\n",
       "   'bbx_loc': [-0.006293848622590303,\n",
       "    6.246566499612527e-06,\n",
       "    0.7488452196121216],\n",
       "   'center': [56.89974594116211, 188.03176879882812, 0.7452200651168823],\n",
       "   'extent': [2.44619083404541, 0.9183566570281982, 0.7451388239860535],\n",
       "   'world_cord': [[54.3818359375, 187.3253173828125, 1.4824624061584473],\n",
       "    [54.38780212402344, 187.3207244873047, -0.007796101737767458],\n",
       "    [54.53678512573242, 189.1554718017578, 1.4774467945098877],\n",
       "    [54.54275131225586, 189.15089416503906, -0.012811755761504173],\n",
       "    [59.25674057006836, 186.9126434326172, 1.5032516717910767],\n",
       "    [59.2627067565918, 186.90806579589844, 0.012993201613426208],\n",
       "    [59.411685943603516, 188.74281311035156, 1.498236060142517],\n",
       "    [59.41765594482422, 188.73822021484375, 0.007977545261383057]],\n",
       "   'semantic_tags': [[14]],\n",
       "   'color': '0,0,0',\n",
       "   'speed': 7.100690022797548,\n",
       "   'brake': 0.0,\n",
       "   'road_id': 38,\n",
       "   'lane_id': 4,\n",
       "   'section_id': 0,\n",
       "   'world2ego': [[-0.9964272379875183,\n",
       "     0.08434952795505524,\n",
       "     -0.004249321296811104,\n",
       "     40.83293914794922],\n",
       "    [-0.08436153084039688,\n",
       "     -0.9964314699172974,\n",
       "     0.0027307772543281317,\n",
       "     192.1588897705078],\n",
       "    [-0.004003817681223154,\n",
       "     0.003079500049352646,\n",
       "     0.9999872446060181,\n",
       "     -0.34759292006492615],\n",
       "    [0.0, 0.0, 0.0, 1.0]]},\n",
       "  {'class': 'vehicle',\n",
       "   'state': 'dynamic',\n",
       "   'id': '332',\n",
       "   'location': [62.657981872558594, 191.27999877929688, -0.005131454207003117],\n",
       "   'rotation': [0.15884970128536224,\n",
       "    0.0008631469681859016,\n",
       "    -179.71632385253906],\n",
       "   'bbx_loc': [-0.006296888459473848,\n",
       "    -4.2515994209679775e-06,\n",
       "    0.7488452196121216],\n",
       "   'center': [62.66635513305664, 191.280029296875, 0.7436934113502502],\n",
       "   'extent': [2.44619083404541, 0.9183566570281982, 0.7451388239860535],\n",
       "   'world_cord': [[60.22681427001953, 190.34957885742188, 1.4955973625183105],\n",
       "    [60.22268295288086, 190.34957885742188, 0.005325568839907646],\n",
       "    [60.21772384643555, 192.18626403808594, 1.4956251382827759],\n",
       "    [60.213592529296875, 192.18626403808594, 0.005353238433599472],\n",
       "    [65.1191177368164, 190.37379455566406, 1.482033610343933],\n",
       "    [65.114990234375, 190.37379455566406, -0.008238298818469048],\n",
       "    [65.11002349853516, 192.2104949951172, 1.4820612668991089],\n",
       "    [65.10589599609375, 192.2104949951172, -0.008210629224777222]],\n",
       "   'semantic_tags': [14],\n",
       "   'type_id': 'vehicle.lincoln.mkz_2020',\n",
       "   'color': '0,0,0',\n",
       "   'base_type': 'car',\n",
       "   'num_points': 1195,\n",
       "   'distance': 6.614944087799791,\n",
       "   'speed': 8.636953391785044,\n",
       "   'brake': 0.699999988079071,\n",
       "   'light_state': '11',\n",
       "   'road_id': 38,\n",
       "   'lane_id': 3,\n",
       "   'section_id': 0,\n",
       "   'world2vehicle': [[-0.9999839067459106,\n",
       "     -0.004951111972332001,\n",
       "     0.002772446721792221,\n",
       "     63.60403823852539],\n",
       "    [0.004951089154928923,\n",
       "     -0.9999877214431763,\n",
       "     -1.506469925516285e-05,\n",
       "     190.96742248535156],\n",
       "    [0.002772487234324217,\n",
       "     -1.3378248695516959e-06,\n",
       "     0.9999961853027344,\n",
       "     -0.168331116437912],\n",
       "    [0.0, 0.0, 0.0, 1.0]]},\n",
       "  {'class': 'vehicle',\n",
       "   'state': 'dynamic',\n",
       "   'id': '331',\n",
       "   'location': [45.51565933227539, 191.19287109375, 0.003093242645263672],\n",
       "   'rotation': [0.022662566974759102,\n",
       "    0.0005618922295980155,\n",
       "    -179.71475219726562],\n",
       "   'bbx_loc': [-0.031254444271326065,\n",
       "    9.908675565384328e-06,\n",
       "    0.8910346627235413],\n",
       "   'center': [45.547264099121094, 191.19300842285156, 0.8941155076026917],\n",
       "   'extent': [2.2763495445251465, 1.0485360622406006, 0.8835831880569458],\n",
       "   'world_cord': [[43.27651596069336, 190.13314819335938, 1.7785887718200684],\n",
       "    [43.275814056396484, 190.13316345214844, 0.01142245065420866],\n",
       "    [43.266075134277344, 192.23019409179688, 1.778609275817871],\n",
       "    [43.26537322998047, 192.23020935058594, 0.011443016119301319],\n",
       "    [47.82915496826172, 190.1558074951172, 1.7767879962921143],\n",
       "    [47.82845687866211, 190.15582275390625, 0.009621692821383476],\n",
       "    [47.81871795654297, 192.2528533935547, 1.7768086194992065],\n",
       "    [47.818016052246094, 192.25286865234375, 0.009642258286476135]],\n",
       "   'semantic_tags': [14],\n",
       "   'type_id': 'vehicle.mini.cooper_s_2021',\n",
       "   'color': '215,88,0',\n",
       "   'base_type': 'car',\n",
       "   'num_points': 278,\n",
       "   'distance': 11.812141187962478,\n",
       "   'speed': 4.429294049195608,\n",
       "   'brake': 0.0,\n",
       "   'light_state': '3',\n",
       "   'road_id': 38,\n",
       "   'lane_id': 3,\n",
       "   'section_id': 0,\n",
       "   'world2vehicle': [[-0.9999875426292419,\n",
       "     -0.004978548269718885,\n",
       "     0.00039553639362566173,\n",
       "     46.46695327758789],\n",
       "    [0.004978545010089874,\n",
       "     -0.9999876022338867,\n",
       "     -9.80686854745727e-06,\n",
       "     190.96389770507812],\n",
       "    [0.0003955803404096514,\n",
       "     -7.83755058364477e-06,\n",
       "     0.9999999403953552,\n",
       "     -0.019599858671426773],\n",
       "    [0.0, 0.0, 0.0, 1.0]]},\n",
       "  {'class': 'vehicle',\n",
       "   'state': 'dynamic',\n",
       "   'id': '330',\n",
       "   'location': [23.11867332458496, 191.08119201660156, 0.03414108231663704],\n",
       "   'rotation': [-0.025087283924221992,\n",
       "    -0.0007629395113326609,\n",
       "    -179.71401977539062],\n",
       "   'bbx_loc': [0.004044817294925451,\n",
       "    -3.6123394693277078e-06,\n",
       "    0.7188605070114136],\n",
       "   'center': [23.11431312561035, 191.0811767578125, 0.7529997229576111],\n",
       "   'extent': [2.4508416652679443, 1.0641621351242065, 0.7553732395172119],\n",
       "   'world_cord': [[20.66848373413086, 190.0048065185547, 1.5073139667510986],\n",
       "    [20.669145584106445, 190.00479125976562, -0.003432363271713257],\n",
       "    [20.657859802246094, 192.1331024169922, 1.5072855949401855],\n",
       "    [20.65852165222168, 192.13308715820312, -0.0034607015550136566],\n",
       "    [25.570104598999023, 190.02928161621094, 1.509460210800171],\n",
       "    [25.57076644897461, 190.02926635742188, -0.001286134123802185],\n",
       "    [25.55948257446289, 192.15757751464844, 1.5094318389892578],\n",
       "    [25.560144424438477, 192.15756225585938, -0.0013144724071025848]],\n",
       "   'semantic_tags': [14],\n",
       "   'type_id': 'vehicle.lincoln.mkz_2017',\n",
       "   'color': '16,16,16',\n",
       "   'base_type': 'car',\n",
       "   'num_points': 19,\n",
       "   'distance': 33.91532878237073,\n",
       "   'speed': 7.900746686786197,\n",
       "   'brake': 0.0,\n",
       "   'light_state': '3',\n",
       "   'road_id': 2343,\n",
       "   'lane_id': 3,\n",
       "   'section_id': 0,\n",
       "   'world2vehicle': [[-0.9999874234199524,\n",
       "     -0.004991184454411268,\n",
       "     -0.0004378556914161891,\n",
       "     24.072120666503906],\n",
       "    [0.0049911788664758205,\n",
       "     -0.9999875426292419,\n",
       "     1.3315804608282633e-05,\n",
       "     190.9634246826172],\n",
       "    [-0.00043791672214865685,\n",
       "     1.1130222446809057e-05,\n",
       "     0.9999998807907104,\n",
       "     -0.02614380046725273],\n",
       "    [0.0, 0.0, 0.0, 1.0]]},\n",
       "  {'class': 'vehicle',\n",
       "   'state': 'dynamic',\n",
       "   'id': '328',\n",
       "   'location': [48.55051803588867, 194.70713806152344, 0.03276016190648079],\n",
       "   'rotation': [0.12928864359855652,\n",
       "    8.252480256487615e-06,\n",
       "    -179.71365356445312],\n",
       "   'bbx_loc': [0.004039054736495018,\n",
       "    -7.995962732820772e-06,\n",
       "    0.7188605070114136],\n",
       "   'center': [48.548099517822266, 194.70713806152344, 0.7516279220581055],\n",
       "   'extent': [2.4508416652679443, 1.0641621351242065, 0.7553732395172119],\n",
       "   'world_cord': [[46.10432052612305, 193.63075256347656, 1.5125293731689453],\n",
       "    [46.10091018676758, 193.63072204589844, 0.0017868336290121078],\n",
       "    [46.09368133544922, 195.75904846191406, 1.512529730796814],\n",
       "    [46.090274810791016, 195.759033203125, 0.001787140965461731],\n",
       "    [51.00592803955078, 193.65524291992188, 1.5014686584472656],\n",
       "    [51.00251770019531, 193.6552276611328, -0.009273868054151535],\n",
       "    [50.99529266357422, 195.78353881835938, 1.5014690160751343],\n",
       "    [50.99188232421875, 195.7835235595703, -0.009273558855056763]],\n",
       "   'semantic_tags': [14],\n",
       "   'type_id': 'vehicle.lincoln.mkz_2017',\n",
       "   'color': '16,16,16',\n",
       "   'base_type': 'car',\n",
       "   'num_points': 400,\n",
       "   'distance': 10.688271707996272,\n",
       "   'speed': 5.11943888323923,\n",
       "   'brake': 0.0,\n",
       "   'light_state': '3',\n",
       "   'road_id': 38,\n",
       "   'lane_id': 2,\n",
       "   'section_id': 0,\n",
       "   'world2vehicle': [[-0.9999849200248718,\n",
       "     -0.004997609183192253,\n",
       "     0.0022565105464309454,\n",
       "     49.52278518676758],\n",
       "    [0.00499762175604701,\n",
       "     -0.9999874830245972,\n",
       "     -1.4403258319362067e-07,\n",
       "     194.46206665039062],\n",
       "    [0.0022564830724149942,\n",
       "     1.1133156476716977e-05,\n",
       "     0.9999974370002747,\n",
       "     -0.14448119699954987],\n",
       "    [0.0, 0.0, 0.0, 1.0]]},\n",
       "  {'class': 'vehicle',\n",
       "   'state': 'dynamic',\n",
       "   'id': '327',\n",
       "   'location': [28.842288970947266, 194.61024475097656, -0.0070370864123106],\n",
       "   'rotation': [-0.030086981132626534,\n",
       "    8.609085489297286e-05,\n",
       "    -179.70741271972656],\n",
       "   'bbx_loc': [5.5378823162755e-05, 0.0017811983125284314, 0.7014925479888916],\n",
       "   'center': [28.841875076293945, 194.60845947265625, 0.6944553256034851],\n",
       "   'extent': [2.6787397861480713, 1.0166014432907104, 0.7053293585777283],\n",
       "   'world_cord': [[26.167991638183594, 193.57818603515625, 1.3983765840530396],\n",
       "    [26.168731689453125, 193.5782012939453, -0.012282107025384903],\n",
       "    [26.157608032226562, 195.6113739013672, 1.3983796834945679],\n",
       "    [26.158348083496094, 195.6113739013672, -0.012279052287340164],\n",
       "    [31.525400161743164, 193.6055450439453, 1.401189923286438],\n",
       "    [31.526140213012695, 193.60556030273438, -0.009468804113566875],\n",
       "    [31.515016555786133, 195.6387176513672, 1.4011929035186768],\n",
       "    [31.515758514404297, 195.63873291015625, -0.009465749375522137]],\n",
       "   'semantic_tags': [14],\n",
       "   'type_id': 'vehicle.chevrolet.impala',\n",
       "   'color': '71,12,12',\n",
       "   'base_type': 'car',\n",
       "   'num_points': 2,\n",
       "   'distance': 28.815566534551014,\n",
       "   'speed': 6.560332354879097,\n",
       "   'brake': 0.0,\n",
       "   'light_state': '3',\n",
       "   'road_id': 2343,\n",
       "   'lane_id': 2,\n",
       "   'section_id': 0,\n",
       "   'world2vehicle': [[-0.9999868273735046,\n",
       "     -0.0051065776497125626,\n",
       "     -0.0005251168622635305,\n",
       "     29.835697174072266],\n",
       "    [0.0051065790466964245,\n",
       "     -0.9999869465827942,\n",
       "     -1.5025685797809274e-06,\n",
       "     194.46043395996094],\n",
       "    [-0.0005251023103483021,\n",
       "     -4.184099452686496e-06,\n",
       "     0.9999998807907104,\n",
       "     0.022996507585048676],\n",
       "    [0.0, 0.0, 0.0, 1.0]]},\n",
       "  {'class': 'vehicle',\n",
       "   'state': 'dynamic',\n",
       "   'id': '354',\n",
       "   'location': [117.90253448486328, 186.2347412109375, -0.01692871004343033],\n",
       "   'rotation': [-0.0024725282564759254,\n",
       "    -0.0442504808306694,\n",
       "    169.41831970214844],\n",
       "   'bbx_loc': [0.029220012947916985,\n",
       "    -6.103515488575795e-07,\n",
       "    0.7358605265617371],\n",
       "   'center': [117.87388610839844, 186.2406768798828, 0.7189303040504456],\n",
       "   'extent': [2.3958897590637207, 1.081725001335144, 0.7438300251960754],\n",
       "   'world_cord': [[115.3201675415039, 185.61788940429688, 1.4634921550750732],\n",
       "    [115.32002258300781, 185.6167449951172, -0.02416742593050003],\n",
       "    [115.71746063232422, 187.7445526123047, 1.4618213176727295],\n",
       "    [115.7173080444336, 187.743408203125, -0.025838293135166168],\n",
       "    [120.03045654296875, 184.73794555664062, 1.4636989831924438],\n",
       "    [120.03031158447266, 184.73680114746094, -0.023960642516613007],\n",
       "    [120.42774963378906, 186.86459350585938, 1.4620281457901],\n",
       "    [120.42760467529297, 186.8634490966797, -0.025631509721279144]],\n",
       "   'semantic_tags': [14],\n",
       "   'type_id': 'vehicle.tesla.model3',\n",
       "   'color': '180,42,42',\n",
       "   'base_type': 'car',\n",
       "   'num_points': 3,\n",
       "   'distance': 61.03247083366122,\n",
       "   'speed': 8.168533161112345,\n",
       "   'brake': 0.0,\n",
       "   'light_state': '3',\n",
       "   'road_id': 38,\n",
       "   'lane_id': 4,\n",
       "   'section_id': 0,\n",
       "   'world2vehicle': [[-0.9829941391944885,\n",
       "     0.18363703787326813,\n",
       "     -4.3153759179404005e-05,\n",
       "     81.69790649414062],\n",
       "    [-0.18363700807094574,\n",
       "     -0.9829938411712646,\n",
       "     0.0007723165326751769,\n",
       "     204.71888732910156],\n",
       "    [9.940603922586888e-05,\n",
       "     0.0007671072380617261,\n",
       "     0.9999997019767761,\n",
       "     -0.13765354454517365],\n",
       "    [0.0, 0.0, 0.0, 1.0]]},\n",
       "  {'class': 'vehicle',\n",
       "   'state': 'dynamic',\n",
       "   'id': '353',\n",
       "   'location': [89.56410217285156, 187.9915008544922, -0.016933899372816086],\n",
       "   'rotation': [-0.001557283103466034,\n",
       "    -0.006958007346838713,\n",
       "    -179.11976623535156],\n",
       "   'bbx_loc': [0.029219161719083786,\n",
       "    9.472146302869078e-06,\n",
       "    0.7358605265617371],\n",
       "   'center': [89.53486633300781, 187.9911346435547, 0.7189258337020874],\n",
       "   'extent': [2.3958897590637207, 1.081725001335144, 0.7438300251960754],\n",
       "   'world_cord': [[87.15585327148438, 186.87281799316406, 1.4628220796585083],\n",
       "    [87.15589904785156, 186.8726348876953, -0.02483794465661049],\n",
       "    [87.12261962890625, 189.0360107421875, 1.4625593423843384],\n",
       "    [87.12266540527344, 189.03582763671875, -0.025100674480199814],\n",
       "    [91.94706726074219, 186.94642639160156, 1.4629523754119873],\n",
       "    [91.94711303710938, 186.9462432861328, -0.02470770664513111],\n",
       "    [91.91383361816406, 189.109619140625, 1.4626896381378174],\n",
       "    [91.91387939453125, 189.1094512939453, -0.024970436468720436]],\n",
       "   'semantic_tags': [14],\n",
       "   'type_id': 'vehicle.tesla.model3',\n",
       "   'color': '0,0,0',\n",
       "   'base_type': 'car',\n",
       "   'num_points': 20,\n",
       "   'distance': 32.667651926321355,\n",
       "   'speed': 8.203646474522243,\n",
       "   'brake': 0.0,\n",
       "   'light_state': '3',\n",
       "   'road_id': 38,\n",
       "   'lane_id': 4,\n",
       "   'section_id': 0,\n",
       "   'world2vehicle': [[-0.9998819828033447,\n",
       "     -0.015362286008894444,\n",
       "     -2.7179718017578125e-05,\n",
       "     92.44151306152344],\n",
       "    [0.015362282283604145,\n",
       "     -0.9998819828033447,\n",
       "     0.00012144013453507796,\n",
       "     186.59339904785156],\n",
       "    [-2.9042108508292586e-05,\n",
       "     0.00012100825551897287,\n",
       "     1.0,\n",
       "     -0.0032134950160980225],\n",
       "    [0.0, 0.0, 0.0, 1.0]]},\n",
       "  {'class': 'vehicle',\n",
       "   'state': 'dynamic',\n",
       "   'id': '352',\n",
       "   'location': [60.8096923828125, 208.94903564453125, -0.0012009048368781805],\n",
       "   'rotation': [0.019595811143517494,\n",
       "    0.008329503238201141,\n",
       "    0.22183212637901306],\n",
       "   'bbx_loc': [-0.002592838602140546,\n",
       "    -6.5067661125794984e-06,\n",
       "    0.7203620076179504],\n",
       "   'center': [60.806854248046875, 208.94912719726562, 0.7191601395606995],\n",
       "   'extent': [2.3368194103240967, 0.9059062600135803, 0.7209736704826355],\n",
       "   'world_cord': [[63.13990020751953, 209.86416625976562, 1.4408012628555298],\n",
       "    [63.14039611816406, 209.8639678955078, -0.001145932707004249],\n",
       "    [63.146915435791016, 208.0523681640625, 1.441064715385437],\n",
       "    [63.14740753173828, 208.0521697998047, -0.0008825364056974649],\n",
       "    [58.4662971496582, 209.84608459472656, 1.4392027854919434],\n",
       "    [58.46678924560547, 209.8458709716797, -0.0027443706057965755],\n",
       "    [58.47331237792969, 208.03428649902344, 1.4394662380218506],\n",
       "    [58.47380447387695, 208.03407287597656, -0.0024809741880744696]],\n",
       "   'semantic_tags': [14],\n",
       "   'type_id': 'vehicle.mercedes.coupe_2020',\n",
       "   'color': '0,0,0',\n",
       "   'base_type': 'car',\n",
       "   'num_points': 0,\n",
       "   'distance': 21.281902871872077,\n",
       "   'speed': 8.061093999809263,\n",
       "   'brake': 0.0,\n",
       "   'light_state': '3',\n",
       "   'road_id': 38,\n",
       "   'lane_id': -3,\n",
       "   'section_id': 0,\n",
       "   'world2vehicle': [[0.9999924302101135,\n",
       "     0.003871690947562456,\n",
       "     0.00034201142261736095,\n",
       "     -61.61821746826172],\n",
       "    [-0.003871641354635358,\n",
       "     0.9999924898147583,\n",
       "     -0.00014537724200636148,\n",
       "     -208.7120361328125],\n",
       "    [-0.000342571729561314,\n",
       "     0.00014405199908651412,\n",
       "     0.9999999403953552,\n",
       "     -0.008066939190030098],\n",
       "    [0.0, 0.0, 0.0, 1.0]]},\n",
       "  {'class': 'vehicle',\n",
       "   'state': 'dynamic',\n",
       "   'id': '351',\n",
       "   'location': [62.31745147705078, 205.46620178222656, 0.002555580111220479],\n",
       "   'rotation': [0.1093444898724556,\n",
       "    -0.00015258787607308477,\n",
       "    0.4144829213619232],\n",
       "   'bbx_loc': [-0.031255271285772324,\n",
       "    7.541074182881857e-07,\n",
       "    0.8910346627235413],\n",
       "   'center': [62.28449630737305, 205.46595764160156, 0.893528938293457],\n",
       "   'extent': [2.2763495445251465, 1.0485360622406006, 0.8835831880569458],\n",
       "   'world_cord': [[64.551513671875, 206.5309295654297, 1.781457543373108],\n",
       "    [64.55488586425781, 206.53094482421875, 0.014294416643679142],\n",
       "    [64.56668090820312, 204.43389892578125, 1.781451940536499],\n",
       "    [64.57005310058594, 204.43392944335938, 0.014288831502199173],\n",
       "    [59.998939514160156, 206.49798583984375, 1.7727690935134888],\n",
       "    [60.00231170654297, 206.49801635742188, 0.005605953745543957],\n",
       "    [60.01411056518555, 204.40097045898438, 1.7727634906768799],\n",
       "    [60.01748275756836, 204.4010009765625, 0.005600368604063988]],\n",
       "   'semantic_tags': [14],\n",
       "   'type_id': 'vehicle.mini.cooper_s_2021',\n",
       "   'color': '0,28,0',\n",
       "   'base_type': 'car',\n",
       "   'num_points': 0,\n",
       "   'distance': 18.25946832624412,\n",
       "   'speed': 6.226679092397527,\n",
       "   'brake': 0.0,\n",
       "   'light_state': '3',\n",
       "   'road_id': 38,\n",
       "   'lane_id': -2,\n",
       "   'section_id': 0,\n",
       "   'world2vehicle': [[0.9999719858169556,\n",
       "     0.0072340150363743305,\n",
       "     0.001908420235849917,\n",
       "     -63.80205535888672],\n",
       "    [-0.007234033662825823,\n",
       "     0.9999738335609436,\n",
       "     2.6631557830114616e-06,\n",
       "     -205.01002502441406],\n",
       "    [-0.0019083510851487517,\n",
       "     -1.6468657122459263e-05,\n",
       "     0.999998152256012,\n",
       "     0.11975175142288208],\n",
       "    [0.0, 0.0, 0.0, 1.0]]},\n",
       "  {'class': 'vehicle',\n",
       "   'state': 'dynamic',\n",
       "   'id': '350',\n",
       "   'location': [66.33814239501953, 201.99269104003906, -0.005525016691535711],\n",
       "   'rotation': [0.2663705348968506, 0.00971219502389431, 0.3603399395942688],\n",
       "   'bbx_loc': [-0.00629406189545989,\n",
       "    -7.445733444910729e-06,\n",
       "    0.7488452196121216],\n",
       "   'center': [66.328369140625, 201.9927520751953, 0.7432828545570374],\n",
       "   'extent': [2.44619083404541, 0.9183566570281982, 0.7451388239860535],\n",
       "   'world_cord': [[68.76524353027344, 202.92657470703125, 1.499630331993103],\n",
       "    [68.77217102050781, 202.92636108398438, 0.009368814527988434],\n",
       "    [68.77679443359375, 201.08990478515625, 1.4999417066574097],\n",
       "    [68.78372192382812, 201.08969116210938, 0.00968015193939209],\n",
       "    [63.87301254272461, 202.89581298828125, 1.4768855571746826],\n",
       "    [63.879940032958984, 202.89559936523438, -0.013375993818044662],\n",
       "    [63.884559631347656, 201.0591278076172, 1.4771969318389893],\n",
       "    [63.8914909362793, 201.05892944335938, -0.013064656406641006]],\n",
       "   'semantic_tags': [14],\n",
       "   'type_id': 'vehicle.lincoln.mkz_2020',\n",
       "   'color': '0,0,0',\n",
       "   'base_type': 'car',\n",
       "   'num_points': 0,\n",
       "   'distance': 16.855322525473134,\n",
       "   'speed': 8.436115263367581,\n",
       "   'brake': 0.0,\n",
       "   'light_state': '3',\n",
       "   'road_id': 38,\n",
       "   'lane_id': -1,\n",
       "   'section_id': 0,\n",
       "   'world2vehicle': [[0.9999694228172302,\n",
       "     0.006289009004831314,\n",
       "     0.004649025853723288,\n",
       "     -67.6064224243164],\n",
       "    [-0.006288289092481136,\n",
       "     0.9999802112579346,\n",
       "     -0.0001695079408818856,\n",
       "     -201.571533203125],\n",
       "    [-0.004649999551475048,\n",
       "     0.000140268326504156,\n",
       "     0.9999892115592957,\n",
       "     0.2856641113758087],\n",
       "    [0.0, 0.0, 0.0, 1.0]]},\n",
       "  {'class': 'vehicle',\n",
       "   'state': 'dynamic',\n",
       "   'id': '349',\n",
       "   'location': [87.21665954589844, 194.89952087402344, 0.0003868103085551411],\n",
       "   'rotation': [-0.2732826769351959,\n",
       "    -0.006805418524891138,\n",
       "    -179.7560577392578],\n",
       "   'bbx_loc': [-0.0053487373515963554,\n",
       "    -9.981393304769881e-06,\n",
       "    0.7655780911445618],\n",
       "   'center': [87.21835327148438, 194.89962768554688, 0.7659817337989807],\n",
       "   'extent': [2.5039126873016357, 0.9408109784126282, 0.7673624753952026],\n",
       "   'world_cord': [[84.71483612060547, 193.9482421875, 1.521504521369934],\n",
       "    [84.72216033935547, 193.94808959960938, -0.013203121721744537],\n",
       "    [84.70683288574219, 195.82984924316406, 1.5212810039520264],\n",
       "    [84.71414947509766, 195.82969665527344, -0.013426612131297588],\n",
       "    [89.72256469726562, 193.9695587158203, 1.5453901290893555],\n",
       "    [89.7298812866211, 193.9694061279297, 0.010682524181902409],\n",
       "    [89.71455383300781, 195.85116577148438, 1.5451666116714478],\n",
       "    [89.72187042236328, 195.85101318359375, 0.010459033772349358]],\n",
       "   'semantic_tags': [14],\n",
       "   'type_id': 'vehicle.dodge.charger_2020',\n",
       "   'color': '0,0,0',\n",
       "   'base_type': 'car',\n",
       "   'num_points': 25,\n",
       "   'distance': 31.08864825266241,\n",
       "   'speed': 8.83135922685482,\n",
       "   'brake': 0.699999988079071,\n",
       "   'light_state': '3',\n",
       "   'road_id': 38,\n",
       "   'lane_id': 2,\n",
       "   'section_id': 0,\n",
       "   'world2vehicle': [[-0.999979555606842,\n",
       "     -0.004257530439645052,\n",
       "     -0.004769664257764816,\n",
       "     88.04466247558594],\n",
       "    [0.0042570121586322784,\n",
       "     -0.9999909400939941,\n",
       "     0.00011877560609718785,\n",
       "     194.52647399902344],\n",
       "    [-0.004770126659423113,\n",
       "     9.84686630545184e-05,\n",
       "     0.9999886155128479,\n",
       "     0.39645621180534363],\n",
       "    [0.0, 0.0, 0.0, 1.0]]},\n",
       "  {'class': 'vehicle',\n",
       "   'state': 'dynamic',\n",
       "   'id': '348',\n",
       "   'location': [111.71772003173828, 208.43258666992188, -0.007612716872245073],\n",
       "   'rotation': [0.0315486416220665, 0.025073859840631485, -6.126286506652832],\n",
       "   'bbx_loc': [5.785371831734665e-05,\n",
       "    0.0017966070445254445,\n",
       "    0.7014925479888916],\n",
       "   'center': [111.71762084960938, 208.43470764160156, 0.6938788294792175],\n",
       "   'extent': [2.6787397861480713, 1.0166014432907104, 0.7053293585777283],\n",
       "   'world_cord': [[114.48919677734375, 209.1599884033203, 1.4002381563186646],\n",
       "    [114.48990631103516, 209.15928649902344, -0.0104201789945364],\n",
       "    [114.272216796875, 207.13839721679688, 1.4011279344558716],\n",
       "    [114.27291870117188, 207.1376953125, -0.009530406445264816],\n",
       "    [109.16231536865234, 209.7317352294922, 1.397288203239441],\n",
       "    [109.16302490234375, 209.7310333251953, -0.013370155356824398],\n",
       "    [108.94532775878906, 207.71014404296875, 1.398177981376648],\n",
       "    [108.94603729248047, 207.70944213867188, -0.01248038187623024]],\n",
       "   'semantic_tags': [14],\n",
       "   'type_id': 'vehicle.chevrolet.impala',\n",
       "   'color': '0,0,0',\n",
       "   'base_type': 'car',\n",
       "   'num_points': 4,\n",
       "   'distance': 58.494741014256554,\n",
       "   'speed': 8.502251881088569,\n",
       "   'brake': 0.0,\n",
       "   'light_state': '3',\n",
       "   'road_id': 38,\n",
       "   'lane_id': -3,\n",
       "   'section_id': 0,\n",
       "   'world2vehicle': [[0.9942889213562012,\n",
       "     -0.1067202240228653,\n",
       "     0.0005506276502273977,\n",
       "     -88.83570861816406],\n",
       "    [0.106720469892025,\n",
       "     0.994288980960846,\n",
       "     -0.000437621318269521,\n",
       "     -219.16477966308594],\n",
       "    [-0.0005007799481973052,\n",
       "     0.0004938853089697659,\n",
       "     0.9999997019767761,\n",
       "     -0.039383091032505035],\n",
       "    [0.0, 0.0, 0.0, 1.0]]},\n",
       "  {'class': 'vehicle',\n",
       "   'state': 'dynamic',\n",
       "   'id': '347',\n",
       "   'location': [115.5029067993164, 204.38917541503906, -0.0012275719782337546],\n",
       "   'rotation': [-0.0007923019002191722,\n",
       "    0.02791067399084568,\n",
       "    -7.476875305175781],\n",
       "   'bbx_loc': [-0.002592838602140546,\n",
       "    -6.5067661125794984e-06,\n",
       "    0.7203620076179504],\n",
       "   'center': [115.5003890991211, 204.3898468017578, 0.7191344499588013],\n",
       "   'extent': [2.3368194103240967, 0.9059062600135803, 0.7209736704826355],\n",
       "   'world_cord': [[117.9352798461914, 204.9843292236328, 1.4396343231201172],\n",
       "    [117.93516540527344, 204.98362731933594, -0.002312806900590658],\n",
       "    [117.69951629638672, 203.1879119873047, 1.4405169486999512],\n",
       "    [117.69940185546875, 203.18722534179688, -0.0014302129857242107],\n",
       "    [113.30137634277344, 205.5924835205078, 1.4396990537643433],\n",
       "    [113.30126953125, 205.591796875, -0.0022481787018477917],\n",
       "    [113.06561279296875, 203.79608154296875, 1.4405815601348877],\n",
       "    [113.06550598144531, 203.79537963867188, -0.0013655845541507006]],\n",
       "   'semantic_tags': [14],\n",
       "   'type_id': 'vehicle.mercedes.coupe_2020',\n",
       "   'color': '0,21,81',\n",
       "   'base_type': 'car',\n",
       "   'num_points': 0,\n",
       "   'distance': 60.84683024588477,\n",
       "   'speed': 8.046820814941285,\n",
       "   'brake': 0.0,\n",
       "   'light_state': '3',\n",
       "   'road_id': 38,\n",
       "   'lane_id': -2,\n",
       "   'section_id': 0,\n",
       "   'world2vehicle': [[0.9914974570274353,\n",
       "     -0.13012602925300598,\n",
       "     -1.3828276678395923e-05,\n",
       "     -87.92448425292969],\n",
       "    [0.1301260143518448,\n",
       "     0.9914973378181458,\n",
       "     -0.0004871331329923123,\n",
       "     -217.68125915527344],\n",
       "    [7.709940109634772e-05,\n",
       "     0.0004811918188352138,\n",
       "     0.9999998807907104,\n",
       "     -0.10602802783250809],\n",
       "    [0.0, 0.0, 0.0, 1.0]]},\n",
       "  {'class': 'vehicle',\n",
       "   'state': 'dynamic',\n",
       "   'id': '346',\n",
       "   'location': [118.88103485107422, 200.2785186767578, 0.03421860560774803],\n",
       "   'rotation': [-0.03399385139346123,\n",
       "    0.024526482447981834,\n",
       "    -10.200485229492188],\n",
       "   'bbx_loc': [0.004043015651404858,\n",
       "    -7.779752877468127e-07,\n",
       "    0.7188605070114136],\n",
       "   'center': [118.88549041748047, 200.2780303955078, 0.7530764937400818],\n",
       "   'extent': [2.4508416652679443, 1.0641621351242065, 0.7553732395172119],\n",
       "   'world_cord': [[121.48654174804688, 200.89158630371094, 1.5065398216247559],\n",
       "    [121.48554992675781, 200.89109802246094, -0.004206143319606781],\n",
       "    [121.10963439941406, 198.79690551757812, 1.507450819015503],\n",
       "    [121.10863494873047, 198.79641723632812, -0.00329507514834404],\n",
       "    [116.66233825683594, 201.7596435546875, 1.5094479322433472],\n",
       "    [116.66133880615234, 201.7591552734375, -0.0012979507446289062],\n",
       "    [116.28543090820312, 199.66494750976562, 1.5103590488433838],\n",
       "    [116.28443145751953, 199.6644744873047, -0.0003868862986564636]],\n",
       "   'semantic_tags': [14],\n",
       "   'type_id': 'vehicle.lincoln.mkz_2017',\n",
       "   'color': '16,16,16',\n",
       "   'base_type': 'car',\n",
       "   'num_points': 0,\n",
       "   'distance': 63.183163549425025,\n",
       "   'speed': 7.796426487148081,\n",
       "   'brake': 0.0,\n",
       "   'light_state': '3',\n",
       "   'road_id': 38,\n",
       "   'lane_id': -1,\n",
       "   'section_id': 0,\n",
       "   'world2vehicle': [[0.9841939210891724,\n",
       "     -0.177093043923378,\n",
       "     -0.0005933045758865774,\n",
       "     -81.5340347290039],\n",
       "    [0.1770928055047989,\n",
       "     0.9841940402984619,\n",
       "     -0.00042806778219528496,\n",
       "     -218.1658935546875],\n",
       "    [0.0006597346509806812,\n",
       "     0.000316231744363904,\n",
       "     0.9999997019767761,\n",
       "     -0.17598296701908112],\n",
       "    [0.0, 0.0, 0.0, 1.0]]},\n",
       "  {'class': 'vehicle',\n",
       "   'state': 'dynamic',\n",
       "   'id': '345',\n",
       "   'location': [85.1265640258789, 191.3931427001953, -0.007352256681770086],\n",
       "   'rotation': [0.003701962297782302,\n",
       "    0.0014163367450237274,\n",
       "    -179.7203826904297],\n",
       "   'bbx_loc': [5.488485112437047e-05,\n",
       "    0.001780919381417334,\n",
       "    0.7014925479888916],\n",
       "   'center': [85.1265640258789, 191.39134216308594, 0.6941402554512024],\n",
       "   'extent': [2.6787397861480713, 1.0166014432907104, 0.7053293585777283],\n",
       "   'world_cord': [[82.45286560058594, 190.36166381835938, 1.3996176719665527],\n",
       "    [82.45277404785156, 190.3616943359375, -0.011041160672903061],\n",
       "    [82.44293975830078, 192.39483642578125, 1.3996678590774536],\n",
       "    [82.4428482055664, 192.39488220214844, -0.010990900918841362],\n",
       "    [87.8102798461914, 190.3878173828125, 1.3992714881896973],\n",
       "    [87.81018829345703, 190.38784790039062, -0.011387314647436142],\n",
       "    [87.80035400390625, 192.42098999023438, 1.3993217945098877],\n",
       "    [87.80026245117188, 192.4210205078125, -0.011337054893374443]],\n",
       "   'semantic_tags': [14],\n",
       "   'type_id': 'vehicle.chevrolet.impala',\n",
       "   'color': '0,0,0',\n",
       "   'base_type': 'car',\n",
       "   'num_points': 25,\n",
       "   'distance': 28.4297164998707,\n",
       "   'speed': 9.853982768005181,\n",
       "   'brake': 0.0,\n",
       "   'light_state': '3',\n",
       "   'road_id': 38,\n",
       "   'lane_id': 3,\n",
       "   'section_id': 0,\n",
       "   'world2vehicle': [[-0.9999880790710449,\n",
       "     -0.004880321677774191,\n",
       "     6.461142766056582e-05,\n",
       "     86.05960845947266],\n",
       "    [0.004880320280790329,\n",
       "     -0.9999880790710449,\n",
       "     -2.471973857609555e-05,\n",
       "     190.97540283203125],\n",
       "    [6.47312990622595e-05,\n",
       "     -2.4404118448728696e-05,\n",
       "     1.0,\n",
       "     0.0065126847475767136],\n",
       "    [0.0, 0.0, 0.0, 1.0]]},\n",
       "  {'class': 'vehicle',\n",
       "   'state': 'dynamic',\n",
       "   'id': '344',\n",
       "   'location': [64.43461608886719, 194.7880096435547, -0.003743209643289447],\n",
       "   'rotation': [-0.2146318554878235,\n",
       "    0.00018187667592428625,\n",
       "    -179.7124786376953],\n",
       "   'bbx_loc': [-0.00628933310508728,\n",
       "    -4.473328317544656e-06,\n",
       "    0.7488452196121216],\n",
       "   'center': [64.43810272216797, 194.78802490234375, 0.7451202869415283],\n",
       "   'extent': [2.44619083404541, 0.9183566570281982, 0.7451388239860535],\n",
       "   'world_cord': [[61.9937744140625, 193.85739135742188, 1.4810874462127686],\n",
       "    [61.99935531616211, 193.857421875, -0.009179684333503246],\n",
       "    [61.98455810546875, 195.69407653808594, 1.4810932874679565],\n",
       "    [61.99013900756836, 195.69412231445312, -0.009173854254186153],\n",
       "    [66.88606262207031, 193.88194274902344, 1.4994144439697266],\n",
       "    [66.89163970947266, 193.88197326660156, 0.00914729293435812],\n",
       "    [66.87684631347656, 195.7186279296875, 1.4994202852249146],\n",
       "    [66.8824234008789, 195.71865844726562, 0.009153123013675213]],\n",
       "   'semantic_tags': [14],\n",
       "   'type_id': 'vehicle.lincoln.mkz_2020',\n",
       "   'color': '0,0,0',\n",
       "   'base_type': 'car',\n",
       "   'num_points': 185,\n",
       "   'distance': 10.123947506349017,\n",
       "   'speed': 8.229424837244538,\n",
       "   'brake': 0.699999988079071,\n",
       "   'light_state': '11',\n",
       "   'road_id': 38,\n",
       "   'lane_id': 2,\n",
       "   'section_id': 0,\n",
       "   'world2vehicle': [[-0.9999803900718689,\n",
       "     -0.005018090363591909,\n",
       "     -0.0037460236344486475,\n",
       "     65.41079711914062],\n",
       "    [0.005018137861043215,\n",
       "     -0.9999874234199524,\n",
       "     -3.174324547217111e-06,\n",
       "     194.4622039794922],\n",
       "    [-0.003745960770174861,\n",
       "     -2.197232606704347e-05,\n",
       "     0.9999929666519165,\n",
       "     0.24939267337322235],\n",
       "    [0.0, 0.0, 0.0, 1.0]]},\n",
       "  {'class': 'traffic_light',\n",
       "   'id': '273',\n",
       "   'location': [15.754948616027832, 197.6659698486328, 3.0801031589508057],\n",
       "   'rotation': [0.0, 0.0, 179.9999237060547],\n",
